 13 132 170 238  80 218 217 254 168  60 134 128  75 149 107 105 
147 204 117 135  20 162 186 150  79 206  38  15  95 145 202   8 
230 246 129   8 113 172 160 112  54 137 229  72   0 242 122  83 
224 221 107 199 151  84  10 207 197 149 126  64 133  70 245 107 
178 143 145 225 188 101 175 119 121  16 208  95 157  37 223 173 
 95 207 115 249  81  77 151 156  48 248  60  54 106 101 159  83 
 91  54  92  67  26 253 234 163  45  83 201 101 153 219 145 216 
139 174 242   0  58 171 187 195  86 141 236   4 211 250  86 113 
 28  51  65 216 170 106  92 161 123 227  22  41 221 199 160  50 
243  39 135  44 197 104 198 229 120 201  51 239 216  44 166  43 
153  71 107 116 123 198 254 207  43 218   6 200 164 145 218 196 
 92  86 248 179 226  36  62 164 119  14   5 152  67 133 157  90 
 17 175 111 217  68  61 232 214  38 181  81 193 191 240 175  38 
 84  44 251 240  24  14 182 236   3  92 208 244 175 120 193  24 
216 138 119 152 199 208 160 174  11 178 175 107 140  88  49 227 
 69  32 108 111 150  91  32  71 242 186 236 177 168  58 112  44 
102 137 104 255  52  28 223  48 238  28  34 229 109 192  54 100 
 94  84 108  26  39 214 233  62 121  90  89 231  47 108 154 110 
 41 154 229 184 182  78 174  66  41  43  36 191  42 146 143 170 
129   5 133  89 162 164  70  17 206 131 195  44   2 203 196 178 
128  21 255 186 118 155  65  23  72 248  87 233 171 226 123  83 
189 149  19 230 174 201  57  25   5  35  75  63 161 107  20 105 
178   5  20  16 143  20  73 176 162  72  81 189 217 189 195  78 
 15 154 208 192 102  33  73 101 201 167 191 197 100  58 132 242 
 91 245 145  27 193 210 157 102 185 191  42 156 108 131  86  56 
 74  85 138 155 119 154 164  32  22 202  46  10 167  19 120 240 
180 142 203  28 138  87   2 124 129 149 239 148 114  78 195 164 
135 185 244  96 251 156 244  84   0  17  50 250 211 157 220 107 
163  16  45  76  37  41 158   8 251  79 111 192 151 125 178  29 
251  97  69  84 137  51 105 136 248 200  32  75  84 207 143 129 
 58  61 141  32  62  23 149  95  15  67  35 224 208  45 195 249 
140  15 106  57 172 146 132  30  51 123 218   2 235   9  15 111 
159 238  51  28  42 176 217 199 200  87 235  50   0 219 112  60 
 43   2 122 150  44 227 132  36  45   3 199 152 114 204 156  77 
228 104  51 185 213 190 125   5 152 214 191  35  47  39 145  17 
 46 235  27 250 126  65  72 189 231 144 203 186   4 191 180 243 
195 194 174  42 208 242 238  51 228 164 246 252 168 113 185  69 
 84 121  52  29 122 116  26 190 242  81 202  87  10 143  38 131 
 90 110 247  59  72  95  92 223  52 115 213 214 158 181 163 103 
 15  47  79  42 109  14  15 221 128 180 231 174  19 230 194  65 
 60  56  98  54  16   5 135  44 156 238 113 131 225 163 177 129 
155  47 115 244 119  37 140   4 104 148 102  27 234 204 217 238 
165 160  21 206  29  73  49 136  90  66 181 229 166 111  33  26 
 73  16 139  85  43 232 188 158  50 203 132  44  91 166 241  44 
 84  97 232  46 128 212 136 176  61 181  54 191 100 152 185  72 
198 166 200 147  29 214 131  23  93 124  90  87  41 148 120   0 
241 114 199   1  67   1 177 140  84 161  20 127 178  98 133 187 
218 214 109 235  56  41 254  56 115  65 180 154 128  15  91 102 
 30 238 236 233 124 224 119  75  31 158  34 251 146  58 167 219 
 19 247 111  64 201 189  34 143  50 207 170 201 233 135  44 123 
113 205 169 209  95 123  18 215 190 252 101 148  87  94 170 178 
147 187 119  50 250  71 129 106 139 130 154  26 132  32   6  86 
191 104  90 233  95  17 115 160 123 141  50 144 139 253  85  89 
185  98 244 104 155  52  87 253 113 179  73 200 156  92 218 172 
 30 117 160 108  26 100 151  27 145 200 123 121 136   4 153  98 
182 229  69 100  60 128 111 125 119 177 222 186  69 151 166  35 
209 113 141 239  26  30  16 246 150 204 112 174 150 226  73 232 
114 105  78  39  10 150   2  61  99  91 179 238 213 107 205 153 
 93  15 205 184  47  91   3 150  96  52   2 125 194 218 245 129 
 15  44   4  38 143 109  36   4   0 220 128  94 178  29  50 208 
226  54 107 200  35 107 124 175 216 202 119 190  66 200  54 112 
222  92  60 241 212   8 218  95 245 130  41 113  11 172 125 144 
191  72 243  63  98 213  85 231 226  82 181  36  22 197 247 238 
 11 222   4  81 247 195  59 231 143 127  66 117 202 229 172  23 
181 192 193 108 183  21  57  65 187 129  25   6   1 116  28 242 
232  45  68 178 141 235 167  90 170 158 225 219  14 212  33  60 
 51 194 223 218 167  91  48 234 205 195 189  87 205 133   3  48 
182 186 216 252  86  51  96 125  64 210 123  61  31 192 148 100 
114   7 106   9 146 160  49 136   4 147 154 232  43 162 145 189 
127  28  36 112   5 235 204 107 208 133  32 177 149  60 193   9 
197  45 160  66  38 155 254 211 170  11 129 255 187 124  24 134 
182 178 228 111 249 158  41  50 198 160   5 128  71  38  17 231 
 19  14   0 198 117  95   5 175 175 118  93 182  53 136  19 198 
 72  52 179  58 116 202   3  76  44 111  76 164 138 100  53  22 
233 175  33 216 144  55 104  13 147  51  48 171 148  81 180 245 
 11 162  55  78 149 194 204 250 198 139 213  39 138  39 131 124 
202 189 147  91 139 241  82 182  39 233 251  74  55  60  45 243 
212 110 251 230 198  65 119 211 113 143 104  97 105 251 135  37 
210 130 135 144 120 102 130   2 169  20  25  80 223  50 217  78 
130 222  11  59 244  44 181 107 132 191 246 222   3  12 153 213 
144 229  32 242 195  50 213 120  43 209 203 206 214 174 116  80 
 14 243 223 231  66 108  46  66 177 179 204 230  97 231 125  39 
 28  65  35 212 141 224   1 157  32 193 133 193 107 228 225 153 
137  97 222 151  10 145  22 144  88 200   0  80 149  59  70 208 
111 244  52 184   1  72 143 194 188 147 167  47 184 158  91 119 
152 133   9 222  65 197 198 200 152 145 251 193  55 141 238  37 
 58 134  12 194 146  19 220 130  40 174 213  61 161  45 188 179 
 86 228  32 148 121 153  61  84 101  23 220  62 203 134  82  14 
186  78 253  51  38 120 231  59 187  84 216 231 207 107  40 148 
 34  84 207  46 202 224  83 104 127 209 195  68  91  62 201 173 
 26 176 156 106 126 159  53  32 206 114 137  61  14 197  97  79 
245  26  32 223  79 124  15  69 199  84 251 135  80 238 154 190 
175 223  88  88  49  60 105 169 153  44  18  91 175 100  88 174 
204  74 222 153 152 175  83 184 136 232  72 131 229 210 211  81 
177 220 251   8   1  12 139  70 197  51  57 131 158 232 210 200 
238   7  49 105 231  69 254 136 191 108  31 245 159 118  81 230 
216  27  86   1  79 139 139 119 180  69 191  56  27 182 122 225 
215  43 149 182  76 196 238 120  73  56  42  74 212 194 216 151 
233 191  49 227  34  30 107  15 154  37 194 207  37 246 127  68 
  8 197 184  17 153  16 144 189  88 115 125 204 193 133 162  66 
 63 194   2 213 127 205 170  52  46  90  59 227 217 187 145  12 
 66  83 228  33  16 198  45 116 172  65  71  42 164  31  74  46 
168 121  32  72  37  62 241  73  48 247 252 252  74 164 210 151 
111 246 182 185 120 242 171 211  14 244   2 107   5 157 150 217 
222  64 245 122  21 146  52 193   5  83 231  24 159 181  28 195 
  8 218 236 200  91  73 193  72  31 249 196 112 193 107 253  55 
 80 224 240  57  33  62  74 214 246  21 147 110 231   8  62 169 
155 104  10 201 119 223 148 177 194  39 146  66 222 247 224   4 
117 118  78  24  62 236  30  25 213  72 136  59 168  82  46 214 
151 234 172  38 219 230 194 202 223  10 229 168  54  79  93 174 
152 215 121  80  28  66 203  32 142 236 108 141  46  73  25 252 
163  65 198 105 100 242  33 136 184  28  78 164 133 254 207  55 
114 243 239 127 184 155 184  85 183 168 164   3 153  74  55 141 
201  15 183 197 207   3 162   4 138 108 169 174  36 101 207  36 
  7  82 159 191  96 118 229  50 135 130 208  69 121 211 198 246 
250 129 191  55 114 144 127  76  70  27 218  23 158   9 105 155 
190 100 164 219 135  76 190 221  89 183  68  17 204   8  36 188 
 83 218  92  86 244  33 237 233  93 111  28 199  25  43 144  20 
232  71 168 182 108 128  14 121  54 179 195  91 200  16 166 208 
118 166 168  68 109 122 109 185 114 159 151  14 120 170  15 185 
247 156 253  92  35  79  54  37 235  62 131 103   3  10  25 244 
251 220  27 249 211 152 126  82   0 238 158 204 227  65 130 121 
141 231  95 197  46 236  56 148 176 223  83  72  55  26   6 178 
103 151  32  56 113 238  16 188  24 168 230  29 145 241 202  64 
 26 185 182 129  22 217 228 108 124  37  36  52  61 226 128  48 
163 176 214 247 245  35  81  72 125  25  94 231 174  42 249 107 
171 161 142  59 197  62 102 179  66 109 117 219 148   9 101   0 
167 133 134  95  13  75  94  55 185  76  43 189 190 172 123 160 
199  20 243  70 225 184 220  12 176 111 162 233  89  32  51  36 
157 156  51 115 190 229  65  37 207  62  84  73  91 202 253 201 
 47 122 246 138  33   6 101  46  33 120 237  10 129  47 174  80 
150 228  75 158 169 197 245  32 248  18 153 208  29 125 127 170 
 18 233 240  50 112 187  25  46  89 145  34 120 107 230  52 217 
204  60  80  67 112 156 175  95  34  80 137  91  54  56 151 226 
132 148 167  99 211 238 155  30  50 139 131 222 157  47  75 221 
201  71 163 233 180 116  53 209  79 199  10  59 205 186 138  95 
 18 153 220 129 167  39 122 128  29  18 233 228  84 168 252 233 
  9 100  30 218 252 133 252 251  27  34  99 254  41  92 151 112 
162  97 212 130 212 205 214 148  51 223 182 102 108  11  65 228 
207 188  69  43  43 158  31 107  41  79 100 238  90 129  21 229 
248 168  45  87  72  50 209  55  59  93  84  41 156 163 184 158 
 83 251 113 188  81  39 154 228 151   9  36  70 215 172 168  54 
204  17  83 126 200 187 216  21 183 217 151 237  73 103  10  80 
114  13   5  56 128  89  14 248 231  12 126  19 111 213 199 173 
239  25  53 183  93 157  90 173 199 241  90 104 200 195 230  56 
113 189 214  55 233  69 233 138 139 186 175 253  48 137 143 177 
136  94  97  10 161 187 220 243  99 177  58  73  27  66 210 209 
109  48  43 218  16 225  82 204 112 233 211 122  20 162 176 142 
 67 110  65  10 160 166 222  74 152 185 174  41 226 253  66 214 
198 122 174  15 190 180  32 157 224  41 249  82  84 225  34  86 
166 220 193 141  96 149 166 130 153 117  33 105 187  30 251 219 
 74 224 118 202 173  26  13 196  31 188 168 123  72  70 107 139 
 97  79 103  42  50   6 232  14 159  30  87  12 114 234  65 255 
 47 115 170 220 251 101  93 245  65  76 231 139 219  43 133  81 
154  94 221 199  23 129 104 171 165  54  74 233 251 218 110 147 
102 111 237 172 205 180 224 124 141 139  36 182  29  98  39 221 
133 254 224 220  36 183 162 101  64 247  92  84  85   3  81 119 
103 245  54 214  16 211 141 182  13 240 255 253  32  55  30  91 
 52 217  48 124 243 129 190 243 239  40  54  36  63  54  16 220 
 30  58 157 241 118  49 101 126 142 108 174 131  48  18  76 198 
250 167 144  64  81  13 130 253  79 206  69  43 126 176  21 254 
242 207  98  76 183  80 220 145  16  82 215 250  28 229 241 103 
202 210 118 115 134 122 202 131  86  98 102 205 116 176 193  43 
228 244 194 105  46 120  15  91  41 143 150  86  26 186  83 238 
222 223  33 113  56  34 162  66 113  75  88 124 232  17  17 227 
205 235 130  93  14  83  76 179  96 158  21   6   5  70 208 247 
231 255 147  96   3 166 204 112 194 128  85 223  63 111 100  20 
215  97 123 138 138  36   5 159 111  76  90  10   1 206 123 254 
181 157 168  31 241 193  55 117  29 115 163  68 145  12  91  68 
 69 119   0 195 183 110 211 210 140  85 228   3   5 101 135 113 
175 142 207 200  31 247  74  24   1  61 159 255 160 150  20  21 
 77 211  43  20 105  78  85  32  49 151  16  77 192 104 225 103 
186 173  48 104 198  12 246 175 239 151 127 158  34 245 110 200 
114 159  40  40 255 211  73  62 195 172  97   0 239  13 189 128 
 60  66 179 213 122 168 249  43  28  12  14 196 104 145  84 126 
 30 250 218 234 182 210 107 239   2  33 211   1  37  86 142 187 
 98  21 141  13 232   4  55 139  70 227  17  33 201 230  70 233 
218 205 216  68 154 237  72 188 217  73 247   2  15  27  56  29 
 74  74  22 221 238 223 198  15 238 185 137  89 143 150  47  70 
173   0 249 184  62  75 220  86 240  27 121 193   5 200 255 150 
176  56  39  49 150 177 161 225 212 135  61 158 109 119 240  48 
120  57 161 212 146 140 109  77 200 219 235 244  32  44 226  72 
209 220 122 203 241  81   9  65  64  63 142 147 231 179 197 206 
 10 241 171  23 174 113 214  96 224 183 134 235 236 175  72 255 
 15 170 204 243 165 167 234 206   5 214 198 168 154  34 146 169 
189 191  12  22   6 225  15 168  70  70 232  54 161   9 195 252 
173   2 131 252 252 111 113  58  36  76 219  43 181 167   5 248 
 43 155 127 144 198 106 205 132  27 218 180 254 206  83 235 187 
134  20 136 233 120   5 122  91 102 227  47 109  62  18 188 182 
189  16  15 130 237 157  63 216 181 233 210 248  60 235 103 235 
 20 110 235  18 135 168  25 133 245 197  70 135 161   8 139  55 
215 110 165  32 188  52  58 213  20  94 159 128  15 113 213 233 
111 114 119  71 235  17 154 131  18 173 246  17 206 142 111 171 
 95 154 141 220 124  34  18  26 196 218 252 125 143  64  29  37 
242  99 199  61 128 226 238 241 169 248  61  35  70  51 205 151 
 58  70 152 233  20   8 163  29 177 210  99 125 152 190 158 131 
138 156 146 236 134 145 213 237 148 131 216  16 178 208 211 146 
211  58  56 149 137   1 223  38  75  44 218 124 133 219  22 234 
207  36 138  94 106 115  82 167  42  91 112  76 230 130 175  71 
254 138 213  48  43 177  17 196 205 224  33 160 161  68 156  30 
 49 250 223 113 147 148  16 238 239 240  63 247  23 191  12 155 
 46 247  71 252  44  71  27 156 174  30 226 106 145  66  59 141 
184  88 202  16 126 186  86  74 161  45 198 117 229 161 136 194 
187 172 235  23  11 180 248 230  85  29  53  57 105  59  48  51 
121 199 238  65 149   1  23 239  99  13 182  70 183 216 141 246 
 85  15  57  85 144 226 138  38 232  62 245 206 241 169 231 217 
145 100 184 125  25 144 186 189  80 115  49 178  21 244 106  10 
235  56 195 206 246 142  81   9 246 135 113  66 222 213 191 107 
172 143  70  50 105  37  88 176 184  48   5  98  16 189 158 232 
122 240 222 232 126 109 126  78 188 187   9 216 163  35  17  31 
 33 129  49 182  88 196  62 172  72  26 126 162 187 225  37  36 
 16  50 222 148   4 137 122 252 108  17  37 104  79 238 180 179 
 90 155 147  20  29  41 109 152 126 175 252 182  48  83 103 142 
176 166 168 254 137  49 154 165  75 144 209 193   2  15  45 240 
 22  66   0  30 144 117  64 103  35 216 106  83  99 116 205 103 
  5 134 113 189  93 185 216 127  70 199 242  65 213 195 235  19 
243 226 145 205 249  67  83  85 214 254  87  83 186  54  76 152 
 57 114  66   2  56 177 199  11  23 217 167 203 177 121 224  80 
 70   5 238  65 142  87 204 148 218 148 150 150  69 219  96 197 
245  25 160 213  99   2 236 216  92  97 175  87 148  74 226 110 
243   1 148  86 128 192 253 139 124  61  60   6 155  80 247 136 
 51 103 127 222  49 228  61  62 185 253 147 130 148 119 100 245 
134 123 225 237  20  54 103   8 180 109 195  44  90 229 177  37 
 48  47 166 107  82  64  85  61  22 172  28 216 155  40  47  42 
208   0 249 220 163 132  85  96 200  84 196 201  50 125 227 195 
 77   7  26 111  84 116 219 253  94 197  50 227 155 247   5  16 
 57 252 239 158  53  56 195 151  90 166 228 163  56 225 239 159 
 99 217 241 232 217 101 178  33 117 103 120  15 180 127 103 168 
228 226  79 170  27 172  41 195 108  33 149 195 244 160  57  25 
135  80  21  11 138 246  85 171  50  19  15  30 113 233 159 101 
170 231 254  61 179 106 231 157 253  48 144   9  83  22  15 125 
170 194 173  33 218  19 253 194 101 193 111 246 112 156  71  91 
 83  86 191  69  34  51  56 236 235  23  85  93 132 103 189  28 
 16  81 157  37 141 220 154 151 235  82 221 103 197 239  72  43 
 94  97  12  64 109 109  52 104 214 127  65  54  98 233 128 166 
143 165 168 148 123 144  54  99 193 247 148 180 121 199  95 153 
 11 225 110 231 180   0 136 129  22 237 250  17 203 253 245 241 
  1  71  48 237 215 125   1  58  49 100  33 103 236 112 181  43 
178  11 189   3 187  67 201 187 227  99 247 233  24 119  59  12 
201 175 193 226   7 166  49 185  99 183  77  46  21 184 201 104 
 75 217  67 146 255 105  20  30  45  20 231 189  84 135 198  30 
146 181 220  32  86 221 210 221 103  34 209  59 213 244 185  41 
126 213 128 157  96 157 131 165 212 227   9   3 255 245 183  54 
  3 117  58 218 121 126 201 249 211 100 131  69 230 236 187  78 
 90 221   7 123  26  20  32  83  46 131 221 156 174   8 179 212 
 98   0 176  68 206  96  46 155 111   0 200 161  37  45 201 205 
 43  78  97 213 139  98 200 111  18 183  86  17  97 196  67  63 
208  71  23  25 218  38 222   6  67 170   4  90 141  69 220  34 
223 127  94 120 184  98 125  95  51 147  24  67 176 104   8  28 
109 179   8 128 145 249  28 157 162  84 231 180 117 205 229 238 
119 168 139 143 165 254  20 122  26 169 199 199  52  92  22 177 
232  31 106 148 156 162  12  36  75 251  58  72 136 245 247 211 
176  15 198 190  94 168 184 196  95  64 137 148  24 203 232 240 
208  51 160  55 198   4   8 248 248  30  91 144   5 121 108  29 
232 180  35  25 167 210  43   9  63 162 246 193 180 177  50 231 
 75  75  90 175 149 227 111   2  14 171 154 171 110 155  58 131 
 61 236  31 206 154  89  50  84  51 138  38  15 136  64  72 212 
 88 102 168 136 244 189 124  44  15 212 125  91  77 156   5 156 
184  13 143 248  88 175 193 127  40  51  35  27  71  10 246 112 
 98 142  13 156  25 134 211 129 193  88 127 255  44  21 173 105 
 29 147 205 234 114 181 251  52 141  23 184 235  66 106  23 213 
143  80  25 167 200  48 136 102  48 249  18 188 170 164  42  48 
117  41   1 104 174 147  82 110 193 173 241 151 160 242 220 160 
 37 170 132 225 123  83  33 227 194  26 231  24 179 193   2 238 
 83  18   1 248 203 114 176 241 242  71  25  48 100  38 243  61 
 57  30 183 112 102 139 241 166  40  30  55 157 136 161 196 173 
 48 201 127 166  16 180 117 133  93 191 211  28 231 212 179 173 
134  97 240 207  88 182 125  28 107 205 158  71  20  23  52 236 
141  63  11 230  67 213 137 208 161 141  31 145  87 106 120  99 
 19  66 134  64 114  21 214  79  25 116 197  92 234  46  17  60 
217  22  90  50 100 153  62 138 232 236 160  68 180 181 244 172 
121  36 232 125 113 222 107 212  63  56 162 193 138 248  18 137 
141  18  50 110   5 142 106 107 179 148 232 111 121  39  53 222 
  7 210 181  76 215  18 185 201 113 252  91  12  97 175 172  54 
170   1  92 214   6 194  62 245 206  86 155 178  98 122  12 255 
 43  36 171  56  51   7 255 219  57  75 188  13 150  13  48  28 
169 229  26 171 112 106   9  63 200 159  41  24 207  12   9   4 
176 224 115  49 245  72 255 231 221 179  35 219   2 108  71 241 
 66 172 161  66  15 191 141 115 109 184 116  65 199 215   4 139 
244 225 193 248 196 218 179  25  58  45  97   0 246  77 206 142 
222  24 214   8  83  74  73 135 141  26  70  33 239 193 186 228 
 91  99 130 126  38  67 208 218 118 109  42   1  41  83 187  63 
181 214  60  31  58 249  76 130 242 122  65 158 220 139 110   3 
 62  78 235  44  27 156   5  28  49 146 158 194 214  86 248 125 
154  81  82 224  10 163  94  78  65 239  72 130 234 245   1 101 
121 161 238 235 219 238  23 209 194 147 176 134 242  92 222 130 
131  80 247 125 182 132 189  20 130 252 245 120 135 243 183 225 
 65 211 155 147 224  79  85 207 165 116  53  42 144 216 125  17 
 63  25 246 214 163 101 231  89  64 233  17 124  73 236 146   2 
 80 140  18 109 137  99 140  92  17  20 189 211 233 190 175  89 
 66  71 120  24  76 159 129 232  50  79 252  12 166 221 198 102 
155  39  94 147  53 209  26 208  12  13  97 158  67 210  42  47 
213  70 113 171 154 133  29 168 250 223  94 124 103  86 202  35 
 92 183 205 154 139  16 144  35  56  99 110  37 198 240  86 241 
 39 200  27   5 231 235  82 228 237  83 163 165  81  95   9 148 
188 196  74  89 143 221  20 182 173 132 204  52  36 176  18 208 
 22  74 155  16 203   4 103 190 210 217  52 232 137  37  70 109 
 78 214 191 206  34 130 220 130 193 132  13 230 182 118  29 232 
 12 216  83  84  31  51 138  24 140  59  30  29 252 205 167 209 
218 116  24 141   5 224  86 190 112  36  86 147 227 244 183 198 
150 231 115  45  55 187  62 207  69 154   6  33 136  14 217 182 
138 178  23 149 106  38 245 167 163  65 195  74  94 190  99 128 
131  85 218  89  25  96  23 140  29  20  85  63 211  52  53 157 
 18 172 137  47  99 155 224 241 134  24  85  96  76  84 242 209 
224  51   7 190  82 154 165 252  33 100 184   2 109 156 143  75 
 48   6 161 236 115  46 157  33 211 212 150  99 236 237   5   2 
 17  67 118 144 129  78 124 223  18 143 163  28  26 239   5  99 
 44  55  81 141 150  62  74 114 206  83  68  48  92 220  27 235 
209 118  59 207  33  24 217  58  57 147  18 145 137  47  88 135 
206 205 201   5 177  36 165  74 246 219 159 152  29 103  91 199 
243  92  67 188 125 163 196 228 145  66 246  43  98 183 241 204 
 27  70 147  23 240 105 198  43  98 157  64  78 207 248  45 195 
 60 102 205 149  29  12 113 230 254  74  55 171  38 245 253 234 
165 163 150  38 115 216  68 139 205  37  29  62  37 166   1 227 
 57  11 219 142 102 178  43 167 238 228  71 145 116 211 176 203 
 82  43  36  85 244 204 245   5 249 110  59  17 115   8  92 153 
 80 119 115  89 145  62 190   4 167 106  76  72 251  47 165  33 
 87 248 114 151 208  59 118 193 100 114 222 180 159 180 237  12 
 65  10 154 201 133 144  39  29 102 233 109  55  48 228 211 177 
124  59  25 123 196 139  68 160  23  57 167   4 206 223  23 171 
 24  62 137  48  10 173 102   2  68   4 170  75 139  30  73  93 
187 184  47  45 174 249 104  28 204  80  37 194 104 221 235  36 
213   8 159 198 242 234  54 127 160 207 244 120  86  94 213 218 
228 168 105 125 106  83  34  52 153 202 236 154 183  27  73   8 
251 119  97  69 186  29  17 179 150 189 128 121  76 213 249 158 
113  72  36  95 194 111 137 222  96   5 179  64 134  78  48 104 
195  37  98 164 121 195 105  22  43  82 235  53  49 166 201 193 
106 170 234  97 237 169 223 123  53  73  65 140  10 207  77 142 
148 174 253  93 205  78 210 252  36 170 112 252 140 201  26 107 
196  49  10  96 206 200 181 125 163  88  97  95 247   5 255 165 
 24 101 145  66  18   4 187 160 231  48   5  72 255 148 110 238 
146 107 177 168 146 230  70 234  43  62 171  53 131 216 253  36 
244 195 155  28 149  23 155 225  57 128 132 177 176 131  97 191 
148 120 186 125 137 181 124   9  52 199 251 100  23  90 187  88 
 78 187  33  31 164 217 191  45 195  70  38  66  34 145  91 241 
209  84  81 158  16  45 167  33  19 223 225 196 197  55  94  54 
230 190 229 182 235  56 240 215  69  85  71  47 106 213 177  19 
  6  31  41  77 113 235 143  41 159  62  71 177 151 233 236 104 
137 161  97 206 140 241 219  25  69 191  63 113 156 173 197  29 
180 194  44 235  21 250 180 250 110 234  40 195 134 248  65 246 
 13 115  46 101  68 180 221   7 233  25 248 242 239 211  51 242 
157 176 126 201 197  88  55 234 228 152 251 201 191 224 205   8 
 82 110 198 141 196  34 182 136 110 235  28 118 166 235  33 201 
187  49 154 170   8 156 197 114  11 159 144  36 137   0  71 223 
 35 106 194 155  59 100 212 249 229  91  43  30 159   8 220 171 
 40  15 167  13 134 167  86 233 228 140  38  13 127 181 202  37 
204 124 127  56 188 135  59 164 210  44 188 178  83  30 149 180 
 62 189 132  21 113  92 249 125 171 195 149 140  26  75 232  40 
 85  85  89 114 138 229 161 124  86 182  29 154 125 142 211 188 
 49 171  81 214 250 131 226 216  95  96  53 232  52  12  81 155 
121   6  40 114  32  58  11  40  60 140 215  31   2 246 202 179 
216 172  14  25  44 168  11 209  44 222  38 250  13 234  67  84 
252 199 192 191 233  28 243  70 136 237   5 155 230  26 237 121 
 89  25 218 176  81 130 205 186 202 167 223 104 144  69 216 138 
142 116 234  77 207 211 127  52  76  17 150  28 207 245 245 189 
 89  27 223 102 183  45 212 103 189 165 154 255 127 181   5  23 
 47 154  86 112 192 234 174 230  33 112  37 129 132 226 192 205 
107 125 164  22 145 109 241 129  59   1 213 247  11 147 240  66 
237 176 194  61 111 209   2 177 169 148 126  76  83 205 200  26 
251  77 127 251 176 251  55 113 220 159 255 129  65 207  38 191 
 74 145 148 102  21 236 119 232  60  41 110 161 237 191  23  36 
202 100  28 174  15 186  84 171 159 240  10 235 222  45 250 219 
101 149  80  31  19  92  64  36 186 215  79 173 165 240 233 198 
146 185 255 207  18 129 251  89  36  36  65  76 178 210 132 167 
 94 250 237 219  71 250 221  65 176  62 100  29 238 195 183 126 
 32  17 205  93  79 227  42  10 255 238 252 130   8 141  49 234 
  1  52 238  18 152   4 185  83 175 130  79 186  65  84 115 244 
168 113 187  77 221  83 119 101 160  45  18 123 128 144  37 195 
198  70 218  67 191  40  14 248 171  44 169  30 148 139 121 178 
103  98 157  22   7 230   7 255  69  58  43 223 186  64 221  76 
160  74  64 106  34 120 238 174 138 154 229 145  69  56   0   7 
  9 117 113  72 183 229 146 150 136   9 126  94 236   4 211 127 
 52 137  33 201 105  29  28  60 194 187 233 243  18 116 150 159 
 54  35 208 208  87  58  21 163 253  25 235 122  46  39 200  84 
 68 246 217  24 245  20 182 252 213 167 217 113 220 209 218 130 
153 106 240 225 127  25 100 165 155  90 249  69 231   0 205   2 
166  57 200 184 151  33 228  79 158 230 252 132 229  22 122  47 
193  18  18 144 114  94  72  36 191 154  67 169  93 159 225 224 
 87 112  50  69  46 185 245 170   6 166 254 188  95   7  16 155 
187  19  23 139  85 132  70 159  27  55  15 179 193  47 126  70 
196  60 180  70  80 102 114 243 132 157 188 211 210  88 125 187 
 96 221 143 210  54 222 245  35 233 151  57  82  40  43 166 224 
248  66  43 145 225 189  67 231 113  49 227 154  45  74  68 161 
  0 165  74  56 220 205 249 155   5 143 180 121 113 236 214 217 
159 194  67 232  25 228  73  85 188   6 254 135 225 159 186 230 
 75 172 166 120  89 194 149 225  89   3 177  77  90  28 188  56 
222  12 127 255  17  25  67  41 196 239 178 141 227 105 151  22 
225 153 122 144  96  34 220 217  43 127  85 203 113  73 201 231 
 97 147  10  26 155 172 230  84   7  45  34 230  72  75 151  55 
 23  25 221  79   4 113  39 171 213  51  51 244 112   8 244 176 
119 145   8 248 104  57  39 109  61 141 104 229  83  58 141  70 
189 149  28 176   4 112  93  91 166 152  71 137  63  14   9  47 
 32 171  50 126 222  90 181 253  88  83  92 162 122 238  35  10 
111 237 105  83 242 206 200  64  36 141  56  12  46 144  44 155 
 22 182 229  81 164 112  80 247 230 220 241  74 134  15   7  26 
159 162  42 182   0 243 128  55 176 193 117 253 233  36 173  60 
 42  16  92  84 148  92  34 191 148   6 163 172 156 139 232  11 
 77 149 160 239 102  59  91 184  56 125 231 184  11 103  65 201 
185  53  64 161 201  48 108 174  17  74  82 240 219 241 114 252 
174 205 144  59 223 171 221 201 122  19 108 188  12 125 177 132 
 18 253  67 102  39 106  95   0 169 217  35 158   9   6 136 124 
242 182 222  63 210 222 123 118  39  42  77 219  74  25   9  36 
 31  28 133 121 106  32  57 221 226 170  75 205  49  61  46 239 
 27 128 240 117 172 175 137 203 117  95  37 155 163 127  27  60 
 22 174 254 160 196 183  45 176 142 250 110 130 166 157  16 188 
111 112  47  79  55  27 247 121  14  96 210  75  71 150 253  20 
162  55 226 230  63  38  74 213 127 240 140  92 236 115 166 114 
116  20  55 212  51  17 157  21  62  30  98 206  58 103 134 134 
 40  23  48  53 109 101 219 201 222 232 224 110  49  14  17 179 
209 229 245 161  68  20  93  22 154 207 201 145 158  52 123 242 
 82 255  34 251 245  68  12  13  84 211 239 226 203  19 196  54 
  0 116  90 224 108 132  32  92 170  36   9  64 132 181  93  54 
167  56 119  24  94   5 143 179 206 152 208 100  81  55  91 210 
120 200 110 253  73 114   3  75  65 174 160 126  78 199 101  52 
 51 213 185  44 243  92 178  81  64 232 102 140 238  41 230 183 
190 236 166 213  23  26 115 220  30 220 180 177 156  24 241  27 
172 111 146 151 129  99  42 166 118  60 106  32  54  41 220 156 
 80 100  81 162 128 234  12  37 119 221  93 254  51  26 106 255 
233 127 164 144 181  84  32 239 213 185  39  95  72  77   3  67 
217  65  68  25 122  99 124 204 131 226 174  48 201  34 110  48 
 21  10 140  11   8 198  23 215 253  59  52  94 139 233 227 167 
  7   2 110 140 218 152  95 141 156  24  84 128 224  87   5 198 
215  86  58 103  96 177 188 171  38 252  99  42 236  10  93  11 
156 247  87 140 195  80  54 225 165 111 165  74  72   6 222 231 
162   2  95 104  47 226  46 205 242 222  41 129 206 200 207 116 
230 129 190  60 127  73 104  27  62 180 205  76  70  16  24  97 
 41 255 210  56  65  89 113  73 208 218  37 206 146  64  29 119 
215 171  17 155  64 182 104 253 197  82 209 100  61  34   6  43 
 23 249 212 177  22 108 221  31 225 244  56  87 183 152  63  92 
 45 182 178  23 133  91  24 121 222  71 238   2  87 116 197 245 
 48 116 103 216 253  47 226 243 234 203 145  38 128 234  33 203 
239  17  21  23 239 118 193   8   0 234 237 140  74  87 194 106 
 97 230 251  77  32  99  11  24  41  23 120 167  63   2 202 255 
149 214 185 205 128 158 177  94 144 117  36  96 163  55  57 238 
171 163 189  69 115  80  73 174 180  32  21 108  81 241 210 141 
145  18  63  22 139 185  35 166 224  31   8 245  26  51 214  96 
 92 150  82 189  29  55 139  51 193  43 222 204 186  54 133 110 
 57  59 218 230  89  84  30 251  21  15  97  75 219  69 214  12 
184 129 215  93  23 187 237  43 150  75 142 151 152  86 182 195 
 39 252  32 198  94 194   1 215  90 150  50   8 202   9 201 145 
187 228  16 244 247 231 244  15 224 120 157 126 132   3  18   0 
 61 150 187  29 248  26  73 148  69 233 127 205  98  95 153  75 
227 206 184 252 124  52 220 183 202 208 198 233 232 238  33 155 
 43  47 143 210 223  18 255 244 150  93 241  63 236  87  41 101 
 98 247 232 157 179 206  90 229  55 101 147 118  86  42 223  97 
245  97  84  35 117 138 138 180  96  72 136 159  50 159 130 115 
 23 116 221 198 163  43  82  46 157 124  52  29 125 142 187 130 
106 190 202  82  43  26  44 152 211  17   2  44  28 131 173 223 
 81  46 253 177 120 122  86 144  31 158 198 253 201  52 145  80 
234  28 136 213 114  68  54   6  60  52 185  46  24  81  27  23 
238 214 109  81 189  76 253 189  69  52 105 117 211 105 166 161 
226  15 249  24 183  45 145 180 195 170 173 199 249 218 169 214 
  8 135 190  64 244 143 100 184 137 160 126  55 220 195 244 209 
254 127  62 227 140  60  98 241  73 237  38  75 165 134 146  36 
106 143 233 188  56 195 142  49  38 135   6 109  96 156 152 254 
 11  85  32  94   5 165  59  55  10 236 154 199 136 167 124 202 
 83 165  76 255 100  93 171 255 149 205 113  59 147  20  86 115 
115 111  10 142 239  80 152 144 192  49  26   2 103  79 222  66 
110  36 114 145 120 127  11  89   2 183 192 108 196  44 233 126 
104  38  31  54   8 192  25  21 242   5  91 244 238 191 102 151 
164 197  52 123 180 251  28  94 243 160 194 140  28 177 177   2 
166 251  17  30 206 115  24 227  41  33 165 204  68 104  15  74 
 47  32 153  89 185 110 162 167 207 220 165 122  36 125  23 182 
 70 221 104  99 203 125 100  41 227 175 165 215  47 245  70 142 
191  91 150  20 147 155 224 214  24  19 158   7 129 102 153  54 
 21 244 185 137  97  44 151 190 136  47 177 199 229 151 219 137 
 49  69  86 234 192 227 145 136 199 201 208  88  36 109 205 197 
 78  56 193  87 117  22 164  76  57 192 250  35  90  34 147  87 
219  34  92 119  16 141   3   8 232  13 198 226 127 136  65 132 
151 155 145  85 212 138 162 236 121  28 220 135 232  93  31 226 
 51 211  68 242  51  62  70 163 161 168 112 215  20  56 219 105 
  6 198  20  60 140 222  63  46 242 103 186 103 103  36  17 156 
 93   8 173 196 135  28  88  52 164 104 111 100  86  48 172 203 
233 241 113  99  69 159  36 137  68 164  89 115  92 149  65 100 
246 176  92 104 227 116 120 176  61 150  22 215  34  22 112 111 
166 254  57 138  93  31  62 239  18 107  31 132  34 169 165 247 
 79 244  14 166 121 206 102 134 230 188 178 133 100 129  95 149 
 77  50 152 150  54 238  63 159  52  97   5 157  73 168  10 167 
 50 137  82  32 234 235 171  62  39 117 241 162 142 179  62  47 
 68  81 141 130  14  53 239 249 186 179  30  31 104 235 174 114 
150  10 130 186 122 222 199 245  72  60   2 233  52  76  95 244 
 82 160 244  26 149 104 246  70 157  66  10 140  23  33  61 198 
201 141  34 255 129 199 250 242 194 206  87  14 180 143  41  32 
178   1 141 236  46  44   9 173 206  82 103 130  80  21  85  26 
 87 131 228  98 167 169  47 235 139  51  44  89 141  64 197 220 
173  86 244  16 113 176 152 172  64 247  60 108 216 114  77 151 
 46 235 105  27  81 229 255  16  35 242 190 231  79 192 232 133 
106  90 255   5  80  57 244 214 150  20  20 170 239  17 119  65 
184 128  75  77 212 152 113   0 164  15  78  21  62 167  32  76 
123 108 168  40 135 184 100  51  82 182  11 151 246  42 115 135 
 76 200 209  81  43 124 113  97  56 126 215 197 148 203  59 228 
 89  65  73 105 234  12 156  19 133 251 134 123 105 105 220 188 
115  89 130  68 196 221  76 245  98 201 131 240 150 141 103  32 
 59  28  34  39 143 213 124  10 116  53   0 205 208  60 208 126 
 92 248 219 155 101   0  42 220  96  69   8  83 225  93 120 182 
236 170  38  51 228 114 218  47 243  38  40 196 102  34  77  15 
 93 232 150 175 227 148  54  58 106  59 231 164  71 101 227   9 
124  85 127  40 226  65 231  91 124  77 104   7 248 234  58  81 
 99  92 205 211 220  38  19 118 228 200 165 146 103 241  52 126 
135 114  86 126  57 235  67  26   7 115 169  50 164 229  53 233 
194  59 142  73  62  49 216 172 220 168  60  98 177 203  51  30 
191  87  38 230 253 203 217 228 211  39  29 180 244 101 233 116 
241  27 137  52  25  11  42 119 137  23  40  48  61 227  10 217 
195  11 246  15 120 147  87 134  31  68 223  14  24 160  62 201 
104 228  32 175  64  74 186  31 190 137 187 161 252 204 133 108 
230 162 176  68   6 116   8  47 244  81 156   3  64 197  46 139 
163 107 214 223 240 190  54  64 170 184 152 206  56 203 169 109 
103 238  28 225 188 228  98 166 134  61   7 231 124 144 253  17 
207 191 152 190 211  59 248  53 136 162 250 203  69  94 140 140 
 47 192 238  32 139 242  47 205 133  20  15   1 118 121 179 193 
 25 226  91  96  31  18 232 214 178  30 134 103 137 236   8 165 
202 109 146  30 235 146  21  94  27 154 235  15 179  13 100 206 
126 132 224 208 114 179 154  14 224  96 112 159  21 204 238  71 
118 170 114  61  92 136 155 184 100 253 122 186  47 180  19  14 
 80  52 230  47 182 225  34 220  33 200  19 194 221 212 125 225 
218   8 153 180 181  82  82 175 107  69  36  12 145 172 244 108 
162  57 154 151 196 245  12  25 148 237 225 220  73 205  16  49 
 26 154  75   4 201 125  90 230 165  19 247 218  70 114 242 153 
 42  28 197 246 221 129  66 185 219  45 124 170  76 153 173 198 
236 234 140 211 119 106  69  86 222 136   3 238   4 244 232 145 
 64 231 243  29 234 158 200  11 163  57 169  51 195 164   3  24 
 86  67 169 138 217 242 144  43 124 213 213 187 115 181 145 154 
 81  17 155 130 180 136 106 135 202 224  17  48 233 156   3 171 
 33 176  41 185 120  93 108 114 103 244 191 170 170 132 197 105 
214  91 125 243 162   0 206  42  16 100  50 124  35 235 194  98 
 67 249 227  97   3 193 172 182  52 247  95  96 223 111  35   0 
214 186 227 250   1 107  99 166 109  65 252  91 228  22  62 171 
156  68  35 201 231 172 169 110 117 250  74  63 215  88   1 252 
232 212  79 252 247  15  23  43  25 162 158 182 147 248  85 246 
140 126 221  11  92 106 168  87 163 207 166 216  17 142 233 128 
111 206 149  19 178 190  63  97 249 221  64   5 196  46  16 163 
151 191  59  81  88 167  84  37  50  25 215  92 115   1  71 137 
 39 186 194  97   0 181  14 210  16 145  97  90 127 245  70 103 
124 218 100 242  73 111 253  84  63 200  61 234 208 100  43 214 
 36  44  81 151  39  82 249 119  14  87 208  14  34 146  75 163 
 43 188 104 184  98 112  48 245 150 138 121 172 193   8 159 240 
101 192  38 105 128  51 106  58 198 130 177  67 245 213 149  79 
 84 223  99 107 136 175 168  95  57  52  16 102  95 251  41 234 
210 155  27  20 168 242 231  99  28 101 176 239 242  73  99  46 
 36  70 241  77  35   7 199  60   9   1 169 214 147   2 160  75 
 53 160 249  61  76  97 254 175   7  18 173   6  51 128 232 114 
 87  46 174 176 166 208 124 206 118 240 227 183 241  57 179 105 
216 215  11 182 107 191 192  71 107 199 182  86 180  92 100  95 
  3 146 181 239  77 249 185   6  87 144 201 253  84 151  33 149 
 15 245 125 246 130 212  69 247  71 221 209  67 241 111 170 216 
145  92 173 223 218  64  55 243 237  63 131 160  41  36  82 225 
 22 199  85  26  84 190 113  39 131 167  60 232  87 234 228 137 
  2 231 146  16 223 113 230 172  51 171  96   6  87 105   0 253 
172  72  99 240 233  21 237 107  50 161  17   3 204 190 187  46 
126 171 194 243 157 151  30 178 223 205 253  49  54 238  30  15 
133  53 132   0  97 251 197 183 243  40 174  89  36 190 184 137 
152 111 162   7  11 134 212 103 191 146  84   3 218  63  12  96 
 92 234  41 166 162 242 163 248 180  70 103  93  63 147 239  69 
 63 247  73  45 187 192  70  91 131 244 131 180 241 236 189  47 
  5  54  37 168  75 131  49  71 183 146 248  10  60 122 114  29 
252 235  29 112 167 198  42  74 117 237  13  52  60  32  60 141 
161 247 205 144  49 210  44  80  71 158  92 234  99 215 109 117 
 14  58 233  16  82 209 242  67  66  61 193 240 197 176 164  24 
151 207  14  17 175 117 192 107  72 193  72  35 240 214 146 125 
 64 233 109  65 104 147 125 254  83 213  68 250 165  51 114  53 
241 164 183  32 125  74   8 243  90 140 111  49 193 137  98 240 
138 101  21 232  87 144 119  76 177 148 239 122  14 212 230 245 
  2  25 175  51  27 109 227 201  79 229  68 204 244  51 175  73 
 82   8  86 190 109  72  67 254 172 117 244  17 149 177 227 210 
 52 235  92  15 179 245  85 206 129 144 129 124 232  57 123  23 
124 171  82 208  94 174  68  53 106 106  18 143 235  44 165  54 
 75   0  75  98   4 224  24 148 161  70 124 199 162 241 247  90 
 61  48  51  89 163 173 187 183 110  79 158 175  40  53  20 133 
 85 225  32 239  37 212  73  16   6 127 139 167  81 116  36 104 
143 190 212  46 125  59 158 155  63 228 244  85 242  83   4  28 
120 143  31 152 186  63 226  17  34  24 158  59  89 205  85 228 
147  20 196 129 235  61 177 144 184 229 243  94  52  81 182   2 
 19 226  88 173  81 217 135 112 188  84 239 123  55  88 127 171 
157 237 251  61  75 243 188 122 234 251 237 132  36  52 116  96 
 21 209 158 118 239 175 134  76 152 188  21 100 242 244  51  17 
150 222  71  85  88   5 120  41 224  31 230 142  96  19 182 205 
218   4 242  91 169 205 237 247 199  54 246  28  43  50 173 206 
  9  19 105  95 185 219 175 248  75 108 118 154 217  29 211 220 
 95 192 158 160  34 107 177 244 214  18 107  55  48 100 178 109 
222 243  73 147 243 200 140  92 193  37 101 117  73  99  48  64 
143 196 221  14 174  71  14   4  38 209 199  42 213  74 170 187 
138  36 213 201 182  11  83  90 180  61 138 178 148 243 248 182 
 13  29 116 196 220 227 166 101 107  12 161 100 152 147  63 159 
163  11 108 171 246  30  16 144 207  79  62 251 190 118 181 136 
 11 181 206 220 221 132 227  86 253   4 169  66 116  32  62 133 
145 111 133 243 220 165 169 165 197 167 108 230 155  28 182 115 
174  86 227 248 103 221 190 115 210 221  33 193  82 254  59 217 
117  20 123 243  49  86  92 184  60 128 201 150 117 162 121  30 
113 222 200 122 197  78 115  34 160 253  91 142  41 235 243 253 
 40 106 236  67 252  97 197  31   3  78 140  17  32 131  78   2 
192  90 145  54 131 208 180  76 155 210 130  46 167 222 122 243 
184 233 170  95 138 154 141 215 165  20 189 190  34 123  29 245 
180 215 167 160 145  42 177 108 158 191 170 207 153 100 225  78 
  6 164 172 193 140 197  79  33 126 118  34 204 152 204 127 202 
133 237  77 254  58  15 101 137 150 223  95   1 158 117  77 190 
241  55  95 202 132 155  21 196 192 156 169 160 125 198 199 176 
157 125  99 115  49 129 255 107  25  72 205  51 192  83 191   9 
 95 209 155  44 170  77 107  16 222 114 161  28  36 202 185 131 
162  84 165  42  87 148 121 144 177 148 249 107  55 146 108 119 
138 128  19 151 213 131  65 158  96  14  22  74 210  16 245  98 
133  68   6 163 242 217  24  92  30 239 239 141 214  73 184 103 
101 133  61 211 135 100 195  88 231 174  87 210 219  82 192 194 
220 187 206  25  13  69 178  49 105  46 252 154 128 216 143 183 
 56 230 112 167 184 236  63 178 101  36 146 229 216  69 148 240 
 14 169 209 186 205 239  97 111  80 188 171  30  34  11 131 148 
 74 120 140 159 216 102 175 174 215  89  88  65 178 101 108  12 
225 252  56 206   2  13   1  86 174  49 206  77  71  99 219   5 
 47 107  92 215 232  54  93 122 214  67 247 158  60 209  20  89 
252  46 171 120  50  61  83  79  90 120  70 118 183  93  88  29 
 25  66  96  38 150 214   6 125 255 242 219 159 142  75 194  64 
151  37  59 138 158  67  75  38  60 236 147 127 104  85 130 206 
103  58  70   4   7   0 188  81  29  57  91  47 143 183  55  93 
242 120 209  95 228  70 139 114 171 175  76 114  35 236  25  32 
196  60 218 117  52 250 201 150 125  23 210 205 105 112 252 203 
 51  97  61  41  81 211  71  90 138  25 107 190 198  18 248  53 
220 185  76 140 232 209 200 108 110 219 225  42 200 243 255  51 
 79 106 112 241 237 148 220 173 136  46 121 105  40 131  25  17 
 56  73  33 240  13  51 188 134 130 219 137 172   1  25 149 187 
112  10  54  16  91 115 120 138  85 239 167 101 230 181  35 143 
128  65 139 160 111 189  10 120 253  71 191 217 115  39   6  61 
 96 231  82  47  42  79 247 103 158 147 204  87  91  39  33 205 
168 181 170 173 205 175  57  28  70  30 148 149  63 146 160 156 
136  12 116   9  84 115 225 114 133 198 222  57 122 221  75  12 
166 248  95 249  49   5   9 241 231 197 123 218 198  31  92 159 
204  10  91 136 220  80 149 109   7 185 106 232  51 169 110  45 
186 173  74 185 198  36 196  62  28  77 100   6 224 133 208  18 
173 125 132  31 165  82  68  91  99  57  61 207  36  18  65 186 
225  51 213  92 209   8 193  35  23  89 152 204 216 207  28  97 
147 223 108  91  19   7 159  52 104 149 105  72  32   9 141 170 
123 135 118 125 100  13  50 215 139  25 184 239 202 133 156 207 
 40 199 150 116 125 175  49  50 140  98  76 164 250  19   0  84 
 71  25 162  46  35 240 187  94 143 171 159 202  94   1  10 215 
159  36 108  66  96 243 103  53  24  29  45 188 249  99 204 181 
 36  89  85 188 165  47  20 250 177  31 220 162 220 208  25 127 
 16 169 169  22  81   0 172 214 130 221 249  43 204 126 233  30 
202 219  22  73  29  72 241 184 152 117 211 255 154 192   8   8 
163 200  23 145 193  82 244  91   0  26   9  61 237 238 201  22 
117 227 135 107 213 168 128  83 101  55  43  66 161  16 231  75 
 82 233 109  70  22 118 228 101  38  40 233  32 106  88 238  89 
212 210   5 253  43  85 245 205  79  29 161  76 231 199 178  28 
210 109 113 140 190  94 137 104  41 136 254 100  60  36 197 235 
100 248  69 136  42  53 108 136 162 244  40  74 225  95  98 107 
202 137  69 194  67  70   6 161 155 246  44 208 197 242 195  33 
209  27 119  83  76   1 242 224  83  80  39 134  12 213 233  21 
 16 190  97 138  46 203 233 170 235 209 242 132  50 244  51  10 
193  19  31  17 255 143  24  19  65  99 255 151 154  33  77  72 
128 138 133 146  76  94 247 172 195  82  51  46  84 153   8 247 
187  73 194 151 158 167 238 218  31  54 137 234 114 184 216 128 
 36 181 111 248 214  29  67  77 131  52 198  77   8  62  56 143 
147 152  77 108  52 167 244 115 233 101 247 245  21 196 162 161 
 80 198 187 198 193  89 135 249 172 246 136 154   4  76  40  23 
 28 188  69  61  61 116  78  41 117 175  27  11 242 154 167  13 
 35  53  58  44  80 200  14  16 159 100  22 117  98 241 133 102 
253  76  93  69 151  15  85 199 123 104   4  56  18   5 136 109 
214 140 151  46 136 231  95  20 174  56 235 237 227 101 109  45 
223  82 236  59 198 161 105  38 137 249 253 125  99 156 100 227 
164  84 223 224 124 181 211 128 123  86 236 232  69 208 218 228 
247 177 176 184  76 114   4  18  73 232 103  13 161 212 127  38 
 66 170   1  81  28 189  78  12  27 204 133 101  67 197 200 143 
 18  98  22 112 176  16 149  80 103 128 153  89 167 217 103 225 
  1  92 201 130 167 138  24 159 177 250 209 194  54 225 199 154 
105  72 224  16 144  71  62   6 131 156 203 221  66  27 108 158 
112 156  59  88 157  50 171  24  59 224 105  67   3  22  36 213 
 18 248 167  36  90 178  96  81 198  12  18 162 154  79 108 140 
 74  69  57 255  66 188 181 159  41 139 213 254 109 226 245 108 
105 173 156  47 147  59  38  32 103  66  68  25 165  87  20  27 
220 120  80   8 233 236  24 253 247  58 121 143 201  54   9 152 
202 211 166  24 237  99  20 197  42 215 234   4 110 241 234 186 
205 207 105  68  77 152  24 146 206 162  48  22  13  85 214 167 
191  29  86 220 204  98 249   2 166 241  31 236 193 142 176  35 
212  30  40  36  75  85 163 176 151 117 203  67  47 184  42  57 
100  91  92  88  96 101 154 210   9 234 246 166  39 217 179 206 
134 129   6 201  64 148 231 103 231  37  28 199  84  13  84 249 
126 137 162  52 202 203  19 235  60  97  98 124 219 182 152 185 
 11  62 242 226 234  50  75 252 156   5  54 195 163 111 240 215 
136 131  29 243  61 231 171  51 207 125 122  95 205 204 130   8 
141   7  93 183  98 200 172  28 115 114 128  44 146  44  54   1 
152 138 173 124 113 179 146  81 166  50 122 246  12 199  66 105 
 86  34 179   8  67 216 129 171 211 106 200 196  64 240  62 201 
142  79  18  48  53 129 171   7  37 203  74 238 162  18  86 233 
128  30 103 227 131 131 146 123 104  66  60 166 222 236  60 245 
 26  75 179 217  27  23 195 133  82  86 183 199 170 191 202 217 
157   6  21 100  86  74 228  14  15 202  44 197   2 241 234  96 
 74   7 166  26 230  40  80  79 196 175  16  11  48  33 199  20 
234  31  98  37 126  27  61  28 253  22  41  93  32  15 151  56 
 87  57 123  31 217 134 101 193 200  55 201  91 214 181  63 163 
 96 157  23 173  44  14 236 156 111 131 157  82 199 175  93 189 
224  41 180  31 150  43 129  67 219 191  58  92  19 241  40 191 
140 212 234  84 210 220  58 231 112 141 104 240 241  11 233 233 
140 164  65 222 240 140 187  51 204  86 237 131 171  91  93 111 
170 161  98 143 188 126 200 195 160  42  64 233  32 163  67 166 
163 184 192 233 151 142 217 224 127 107 189 201 133 137  46 253 
  5 104 180 154 236  37 248 160 185 166 168  92 196 117 226  12 
 67 255 141 184 116  54  21 164 157  46   2  62  94  37  43  14 
101 218  70 224 215 193  89  35 191  39 131  71 164  79   5 152 
121 165 131 213 162  24 237 201  92 183 178  99  61  22  32 137 
190 237 143   2 111 220 130  24  56  81 239  67 226 241 220 171 
 81 157 232  44 222 159  38  46  88 211  87  47 215 247  31 166 
 15 216 193 221  34  19  62 209  65 140  31   0  61 228 119 210 
 91 120 208 133 106  13 201 113   7  30 205  10  83  49 150 117 
  4 125 210  31 111 217 254  43  64  69 152  54 199 211 133  75 
177 103 174 227 199  73 180  56 108 244 251 113  21  46  48 226 
223  23 168  85 252 114 169 200 238  13  98 179 214  47 170 117 
106 116 175  43  29 180 206 213 145  98 135 106  43  80 133 121 
  6 181  69 168  73 129  88 158 113  18  74 126 172   8  22  96 
 40  14 146  66 228 196 181 135  59 239  90 212  42 127 128  45 
225 184 241  45 158 125 217  19  12 255 243 224 219 251 220  65 
 79  84  52  69 196 216   6  88 155 209 212 121 195 173 174  18 
183 122 214 177 228 198 229  68  22 101  81 214  26  28 116 253 
254 224 193 118 146 174 114  63 144  78 121  57  13 145 193 207 
133 131 129 220 247 128 158 181  45 157 157  41 250  68 253 112 
192 244  12 194  80 141  88 194 195 230 154 138  17  32 217 172 
166 197  24 107 149 159 117 246  24 181  31 138 224 200  93 147 
206 136  77 244 122 234  63 228  68 111  91 229 202  76  38 240 
212  35  28 223 172 195  17  79  30  14 116 116 183  59 245   8 
 55  90  10 191 182 139 166  90  31  33  86  54  40 226 101 107 
130 154  18  17 220  46  67  22  11 127  66 222  60 128  34 245 
172 177 248  52  22 241 130 216 254 201 112 236  67  35 133  12 
214 237  15  55 234  43 195  42 145 236  40 119 216 223 222 177 
151 244  90 213   5 110  13 205 127 233  92  61 203  93  40  28 
160  73 115 121  98  74 194 162 117 114 140 236 164 110 107  96 
 20 174  87  56 221 212 112  90  60  84 212 185 144 222 165  20 
 37  25  53   7  49  47 162  99 177  32  57 140 112  42 144 227 
136 183  93 149 120 169 241 156 137  74  76  45 169 112 113  32 
  6 143  14 149 254 114 247  12  90 133 152 197 204 207 138 237 
221  64  96 225  56 201 246 178 169  51 131 147 157 140 251 125 
 43 252  61 120  56   0 126 102  65 200   1 191 248 118  59   3 
 60 198 234 193  67 138  37  24  57 107 212 119  83 210 157  38 
 81 158 251 254 232 226 233  87   3 228  83  62  24 116   7 215 
197 172 128  56 137 241 137 198 110  47 111 157  24   7 112  53 
 16 178 243 241 239 163  29 171  30 184 127 132 185 103  30 112 
196 206 165 199 146  43 203 186 123 101  50 182 115 173  32  70 
152  33 218 218  44 237  76 194  41  55  12  45   5 219 168 147 
 14  81  32 178  22  96 165 198 241 182 161   1 153 165 203  71 
 85  38 136 117 146  82  28  69  10 154 243 120  45 159 101 220 
 27  71 147 229 135  76  71 173 195 203 227  72 107 124 166 101 
183   6 183 244 137 241  76   8 121 135 124 129 191 127  93 112 
110 153 207 140  97 105 204 165 243  86  20 178 212 237 105 155 
 65 154  65 234 188  75 146   7 125 158 215 153  24 202  83  64 
172  11  28  45 161  80  95 122 105 135 147 237  85  38 220 193 
113 146 216 224 223 148  84   4 178 249 162 245 106 177 108 201 
235 183  53 227  72 115  56  88  51 214  80 197  97 106  85  58 
223  49 128  60 135 251  88 223 237 246 233  32 110 117 110  78 
 24 169  54  19  33  43 243 199 198 228  21 180 154  47 172  26 
111  50 190 146 140  89  86  55  11  39 191 135 244 115  95 234 
142 166  83 163 221  65  19 132  92 194  45 253  47 249  61 198 
  8 114  11 152 119   2  69  33 222 178 176 191 134  85 119 171 
251  70  48  55 199 215 119 229  45 253 188 210  36 221 248 115 
  9 107 133  90 209 122 159  30 164  76  89  52 224  31  95 235 
 85 252 166 127  40  17  87 150 187   3  57 183   4 116   0 191 
 88 233 103  26 118 200  72  16 174 178 122 101 253 212  14  10 
227 145 128  95 235  59 113 110  77  75 255 131  96  93 243  19 
154  67 211  67 193 170  60 177 141  76  13 243 182  16  38 242 
248 249  14 216  48  85  75 222 102 115  95 216 216 157  52 136 
177 128 187  95 116  81 145 136  17  43 137 142 169 115 247  22 
 97 250 139 116 163   3  38  84 122 189  79  70 162 230  41 101 
 51 142  13 132  69 242 244 171  13   1  63 141  47  37 193  88 
 87  95  19 194  12 134 198 139 232 139 222 148  18 120  41 225 
 59 190 157 166 196  22  34 235 187  81 114 196 132 215 228 239 
 25 130 177  86 165 186 173 237 175 181 203 221 112  51 105 210 
 31 114 186 205  35  25 148 114 108  34  11 226 197  37  80 160 
 35  62 197 142 185 137  74 235  79  50   5  60 249 125  67  82 
201  47 119  49 176 115  41  42 169  51 229  47 102  25  94 241 
252 246 199 231  70 250  72  42 158  68  98  90 189  73  94 204 
179 117 192 127  91 190 190  28 248 230  61  51 140  38 236  28 
 14 115  97  61  82 100 189  34  14 214  76  66 191  28  47 249 
229 245 104  71 255  85  90  79 176 218  56 229  36  33  95 125 
178   9 108 203 208 182  47 152  44  99 168  91 157 115  24  44 
 32  77 226 158  10 105  10 175 152  56  63   9 237 134 102  56 
211   9 167 240 192 186  14 200 201  26  46 147  48  90 118  22 
119 127 125 237 163 150  50 120 141  37 166  45 227 169   5 224 
142  92  94 182  40  84 240 122  55 219 215 182 190  64 140 182 
121  96 149  22 174 210 176 200   9  57  51 194 162 241  38  99 
 42 252  14  64 194  15  81 157 142  66 246 210 179 216  89 125 
 24 157  42 180 251  18 181 236   2 131  11  33  85  13 149 188 
146 128  69  85  11 128 203 186 161 165  49 175 142 200 183 248 
211 233 145 164 250  91 171  96 225 210 249 176 245 106  35  56 
194  91 205  15 189 158 203  69 131 168  42 148  57 100   2 175 
199 163 236  39 231 150   2 251 135  59  29  13 184 180  14 192 
 66 188 222 146   3 255  82 104 122 110 206 132 229  35  89 163 
  8 151 199 157  85 141 101  18 127  20 106 154  69 179 172 227 
249  20  10   3 167 140 255 219   9  49 200 137  81  86 103  32 
 65  37 199 128 169 195 133 206  41  30 238 228 122 154  85   3 
 32  15 209 196 161 151 211 233 171 164  11 227 229  38 214  78 
100  64 115 200 244 110 228 186 165 235 245  64 108  63 180  47 
 78 118 193 217 100 244 209 173  41  75   6 213 109 148 108  63 
246  88 241 246  12 114 112 136  28 170  10  30 244   7   6 188 
 56  16 202  75  37 126 227  83  13 132  46 176  14  75  82  29 
169 203  47 217  34 223 121  34 136 120 114 156  32 104  36  17 
 48 155   8 176  61 157 219  63  80 170 205 249 217 204 153 128 
224 202 204 111 125 166 114 171 145  59 133 245   6  74 245 192 
199 101  71 102 198  64 210 214  79 113 164 118  98 192  96 196 
  3  38 224 112  64 183 182 127  78 133 229  78  18  98  28  27 
 65 120 161 105 171 252 137  73   4  53 210 118 176 216 250 228 
 30 172   8 186 125 146  94 240 214  12 170 117 106  71 215 236 
 77  61 108 191  53 139 171 139 248 202 159  59 217  25  52 176 
  0 135 113  46 180   3 189 197 104 148 248  56 192 214  42  59 
250 235 155 200   7 224 162  14 208 166 130 189 251  56 203  72 
  9 211  61   4  50  25  92 111 139 169 133  66 100 236  60   3 
165 189 113 208 103  97 172  13 183  84 228 232 122 245 228 178 
222   9  55  65 119  26 225 139 198 165 151 225 141 252  44   7 
108   8 209 147 172  72 132 104 161  42 244 185 237 200 115  24 
252 139 120  49 193 189 248  81 201 151 174 105 175  55 194 112 
 66  36 122 134 146 202 247  25  48 149 123 218  63 150 144 162 
 60 215 136  32 172 240 100 172  68  81  14 238  96 246   6  73 
 38 235   7 136  10 182  50 210 191  25 168  62 132 145  79  89 
176 254 193  48  59 178 209 164 144  34 193  95 100  30 159 205 
180  26 199 136  17  24 173   0  19 159 143 119 114   7 205 184 
 88 110  26 218 226 169 161 223 246 197  51 187 192 203  83 100 
175  80 175 198 150 174 205 225 101   9 180 202  56  86  91 194 
217 236 130 100  95 122 229 191  28 229  41   7  31   2  71 227 
125  11  68 227 141  40 133 251 135  27  31 243  84 225 121 124 
212 159  29 183  33  86  51  54 189 172 150 176 231 236 173  16 
167  67 139  31 189 232 233 229  52 142  86  50 102  66  62 137 
150 219  98  99  70 144  62   9  12  83 210  36 236 110  44  19 
 71 195 252 219 112 125  38  83 239  13 167 175 156 118 127 129 
 13 112 182  55  97 219  27 165 128  46 172 145 232 151 111  32 
 13  58 179 151  78  19 100   8 157  48 191  93  72 165 232 223 
168 253 163  18 193 140 103  73 105 193 226  70 153  66 135 170 
 17  17 133 119  20  92  60 161 237  95 183 245  51 202 110 216 
245 115 150 197 190 249 206 144   3  37  21   4 211 192 172 165 
 35  35 193 209 220 132  12  44  50 231  96 110  94 141 216  60 
119 141 140 109 164 214 208 152 251 182 131   3 101 239 124 254 
 51  67  97  77  58  89  10 137  35  85 201  90  23  75 154 169 
 25 194  67 107 135 227 215  31 241  18 206 226  53 224 137 155 
112 223 194 200  46 137 186 140 126 120 165  29 130 153  35  29 
 37 146 213 198 163  36  27  57 241 175  71 179 252 182 211 177 
 73 250 213  55 169 144  89  66 104   9 168  43  54 111 177 141 
237 104 238 233 185   7  20  16   1  89  65 161  81 154  64 132 
168 128  68 131 113 206  11 158 172 239 167 111 170  53 237 158 
116  31 132 128 123  92 117 107 183 207  43 158 148 134 153  22 
 64 205 234 252 157  38 129  90 111 116  39 155  80 123 125 239 
 45 226  17  26 229 126  95 104 146 232 195 207  86 144 171  81 
166 209 160 166  60  10 146 203 118  68  25  12  43 225 147 241 
221 158 106 191 113  28 150 142 129 173  55 231  18   5  35 198 
229 217  27 209  63  68 240  76   4 251 190  91 139  14  25  71 
 66 143 239 110 151 168  36  59 169 195 182  79 122 212 120  17 
228 216 248 209  40 161   8 185 147 163 142 246 201 251   3 169 
146  37   9   3  99  13  46  15 103  98 106 216 177  49 209 156 
 84 169 138   6   2  21 109 135  35 159  16 229  19  14 203 177 
 71 125  36 247 241 175 196  13 168  33 164  31 231 170  40 134 
 21  51  16  14 115  88  69   4 158 226 175 198 253 206 181  47 
225  59 254  71  76 199 152 240 241  60 141 181 176 158 122 193 
199 115 212  25  12  10 140  88 151 161 252 148 121  21  99  46 
127  80   3 129 251 118  74 208  80 161 127  35 248  41 200 131 
148 190 175 201  81 166  90  66 212  79  20 203 231 219 162 145 
199  56 120  17  76  21 237  55 116  63  97  79 194  77 175 113 
225 111 115 220  92 189   8  79  31 233  22 111  47  26 110  45 
248  54 116  47   9 104  69 248 238 170  11 217 117 186 154 255 
 80 156 241  60  10  50 191 239 234 224  63  86 192 236 232  78 
186 243 227 248  65  33 195 195   6  25  67 182  26 223 170 100 
115  53 219 128 246  82 179  18  73  63 153 201  49 184  67 233 
  2 232 151 156  11 136   3 208  72  47 104 149 168 108  76  99 
149  41 171 233 143  88 144 126  20 118 240 129 106 135 113  89 
226  82 123 210  85  99 232 102  98 244  89 213 126  99 185   6 
148 199   8  32  66 160  69  18   0 247  37 202 183 155 230 152 
224  14  82  63 126 193 149  27 128 184  84 222 201  39 185 102 
  7 186 141  13 102 228  52  19 170 180  11 153 118 234  79  36 
206 139 123 170 224  49 170 170 232 151 228  12  74 146 177 169 
102 199 135 112 150 183  92 187 134 230 251  44  55 156 157  18 
 25  50 160 196 194 215 105  84  59  10  47 122  88  13  81 168 
 87  89 241 114 214 116  58 230  66  67 130  63  11 148  95 184 
 33 227 208 111 131 171 230 238  26 107 110 158  66 137 236  30 
 16 250 150 117 163 116 166 251 184 236 112  83 116  29 191 203 
 29  25 203  95  96  67 169  92  41 141 142 146 152 149 102  42 
 79  89  59 215 167 137 209 185  46  53 135  64  95 157 139 249 
157 169   1  89 123  14 171 199 176   3 244  77  91  87  33 218 
189  79 106 177   0  85 181  84 191 117 175 247 187 241  99 170 
 31 114  86  24  41 177 161   0 229  93  45 162  22  98  75   1 
124 153 145 252 136 225 149  15  28  87  80  47 210 131   8 205 
 82 142 193 225  61 237  66 191  35 162 190 211 131  86 166  28 
 72 224 196  54 161 138 153 254 144   8  98   3  33  99   1 152 
125  28  91  11  77 181 222   8 186 114  84 120 203  39 205  96 
149 160  21 106 126 212 110  41 145  40 157  88  56 182  85 112 
 26 182  59  52 128 192 145  88 152 255 233  31 184   3 197 163 
209  72  58 238 202  13  64  41  77  46 126 164 242  84 153  37 
164  56  10  45 138 105 197  14 134  54  57  56  47  29 125 140 
 52 149 232 194 193  34 108 205  15 102 162 169 155 205  60 252 
114  79 135  53 119 232 163  11 127   1 254 145 153  96 117  66 
 65 240 216  56 131 116 196 175 163  52 105 243 175 191  30  92 
124  55 116 239  98 241 100  63 245  38  69  16 237  29 166 206 
248 228 104  71   6 193  80 197  22  62 209 183   7  88  94  40 
 30 153  69 156  93 179 105  14  52 113 166 121  34 153  29  25 
201 226  93 103 144 111 150 210 200 104  18  11 176  97 204   7 
196 180 152 255 135  18  26 121  19 128 130  27 151  15 136 122 
 40 184 132 170 249 114 123  83 244 175  64 106  37 136 150 152 
243 197 184   6 246 247  51 241 212  36 233 234  79  85  71  73 
116 159  81 129  75  63  37 220 233 126  93 215 199 176 248  68 
162 225  29  49 143 107  48 174  64  81  99 186 147 158  40 155 
 41  48   6  61 237  44 146  82  31  32  60 129  91 239  34  20 
 74  16 108   4 228 231   2 197  62  88 178 251 226 125 168 243 
 57  95  97 121   9  60   2  26  45 190  10 211 144 122 175  66 
176 142  59 129 251  42  46 128 199 107   9 161 109  75  30 248 
116 133 110  30 122 103 187  90 111 115 117 174  57 134  32  34 
 80  64 242   2   0 172  78 215  16  73  31  97 181  98 243  54 
 50 230 152 186  34  35 237 136  27  42 192  25 179 149  83  96 
121  62  73 199 210  11  99 155  67 187  62 138 232  82 249 160 
 95 167  98 119  34  45  52  29 145 218 241 247  52 188  72 239 
 21 100 176 130 204 238 175 153 146 156  71  42  49 191  38 197 
 95 214 218  10   9 191 101 183 129  99  71 165 174 246 232   7 
139 155 137 155  14 235  68  78  47  89 169 130  76 142  53  33 
158 205 234 206  11  12 227 218 145  10 135 169 116 147  86 234 
 74 113 242  74  77 159 189 119 112 210 234 233  55  18 214 121 
 33  98 120   0 106  17 168 241  74 189 198 211 207 190 142 238 
145 244  87 106 170  19 119  15 155 241 239 206 120 228 149  36 
 62 183  35  25 214  30  78  54  47 205  71 239 186 111  23 248 
224 185 116 181  31 115  79 210 160 205 246 169 248 233   4   5 
 86 191 171  71  13  86  31  84 225  14 214 189   3 164 104  15 
  3  62  90 176 102  88  35 154  30 223 107 254  21 215  42 253 
160 100 185 149 184  44 181  96 177  25  11   8 159 231 153 140 
193  87  87  80 236 185 190 143  67 243  20 222  35  11 213 244 
120 232  85  19  31 119  21 160 156 142  74  30 252  53 206 151 
 96 150 202  17  56 103 196 209 146  61   0 224 204 194 198 183 
196 232 245  22 164 150 160  29  51 227  73  26  45   0 200  95 
166 107 237  67 157 246   1 135 121 148 220 159 236  11 165 104 
 40 154 179 220  28  31  83  56 213  90 120   2 123 209 120 105 
 30 155 240  95 251  91  67 248 122 130  53 106 178 139 215 231 
194 177 229  11  56 129 202  97   3  78 182   1 102  87 240 155 
165 211 214 237   1 122 188  80 110 120 231  62 115 126 199 229 
133 147  66 237 243  35 123  86 217 190  71 170 217 177  39  59 
 81 233 247 190  50 241 160 192 231 104  38 117 193  61 189 124 
 75 177  55 103  35 209 197 210 240  14  95 242 123 126 235  31 
109 126 244   6 249 109  72  59 119 172 105 141 233  26 166  65 
254 252 179 161 248   4 231 137 219  63 202  38 197 110 222 169 
223 214 114  55 254 252 208   3  86  84 183 191  56  82 230   9 
 46  38   2  88  74 215   1 247  61 238  68 230 246 170 193  78 
 63 122  40 196 120 148  85 202 222 244 190 143 108 188  25 150 
158 242 130   3  12 214   1  84  27  18 186 234 216 175 216  49 
111 215 191  48 197 107 136 125  25  12  66  91 220  71 139 139 
122  99 110 220 118 152 237 204  15  79  56  89 187 122 239 242 
  7 143 241 216  99  21 225 180  63   6 187  99 120 197 177 180 
 39  64 162  87  82 168  46   5  32   3  73  69 113   9  51  11 
167   5 163 120  71  96 253   4 231 129 222 151  42 231  61 173 
 13 227 107  67 165 198 211   6 190  68 124 119 226  97 197  21 
 55  86 180 181  58 187 251 129 185 159  47   6  10  63 179  33 
 44 180  34 117  72 147 225  78  40   4  96 110 148 247 132 195 
212 168 207 218 251 110  83  39 131 242 218  24  22 189 254 227 
163  30  99  63 188   9 134  88 167   1 216  63 170 163  49 197 
111   0  20 207 190  63 231 131 159 113  22  40 115 251 211 172 
 58  31 201  36  46 172  82 172 158 171 136 188  96 160 151   1 
210 157 116   5 178 222 211 244 130   1 239 226 111   8 255  24 
 79 103  55 144  27 216 203  74 163 125 221  52  19 221 184 143 
133 125 213 176 114  49 179  24 182 248 242  99  33 210 228  98 
 19 107  96  76  25 168  38 168 117 214 220  23 209   8 188 100 
125 225 108 139 222  83 100  98 151  93 155 111 197  74 122  26 
 63  67 110 204 168 145 170  42 112 136 208 160  22  17 148  33 
158 183 199 197 232 119 228 178 169 165 206 249 184   3  34 144 
229 117 117   4 181  81 135 225  57  41   3   8  12  33 230 181 
 19 172  33 133 228 119 224  31 116 169  56 157 194 114 241 197 
168 194 108 244 152 161  37  22 135  26 252 107  44  49  12  92 
235 208   0   9  67 240   2  86 145 194 249 211 199 215 137 135 
182 160 158  72 238 227 253 132 128 219 180  26  70  79  93  23 
111  69 244 103 115  59 217 155  13  92  18  45 225 122 165  94 
247  19 249 166 149 227 186  36 212  12  65 242 175 103 187  66 
219 195  70 208  86  52 185 224 192 196 235  81 182  81 132 210 
 93  43  71  34 144 157  91  70 110 106  43 247  48 117 181 203 
 61 201 224  24 229 179 137  47  42  64  58 240  43 196   3 179 
253 238 173  56 177  20  14 141  21  37 154 166  95 223  38 212 
 77 215 213  77 191 195 177  99 159 181  96 168 124   3  27  39 
  3  20 123  69  24 123 155 166 211 145 255  14  19  97  84 188 
 48 235 222 149 240  49 128 228 214 167 198 200 112 163  11 159 
169  90   5  72 155  28 169 124 150 221   5 142 148 136  89  80 
130 108 180   4  42  40 154 144  74 167   8 168 204  24 104 213 
135  77 101  50  20  31  43 106  49 174 181 150  21  98 238 109 
112 221  95 155 150 230 241 153 160  54   6  24  20 185 220 123 
226  47  57 141 201 169  91  68 167  21  70  65 249  97   0 181 
 36 109  98 242 136 183 236  95  35 169  14 108 121 242 193 182 
230 200 216   7  24 160 210 251  69  80  68 122  14 221  80 144 
191 142  99 174  23 121 121 195 134 250  75  20 207  59 240  74 
 77  19 235 108  21 148 199 229 183 149  93 171  51 166 112 122 
202  82 148 116 219 119 124  52 112  21   8  82 155 104 249 164 
213  89  29 247  50  22 224 199  11 253 186   8 232 119 182  72 
 31 178  32 222 164 133 163 191  81  74  94 103 138  64  17 235 
167  72 127 246  90 250 245 221  49 228 173  47 135  53 200 216 
 79  14  68 133  16  94 193 196 180 178 244  31  39  18  43 109 
176 108 171 223 186  30 202  41   4 177  51 145 208  74 237  13 
 97 209  61  38 127  88  90 128  97 213  56  24  71 255  33 245 
208 214  74  73 222 144 241   4  77 117  55 218   6 252   8 115 
 65 108 102 189 220 247 187   5  32 167 145 150 189 199 156 160 
204  95  48 223  79 213  97 210  37 119 224 189 200 203 218 190 
 32 164 164 206  67 254  26  43 153  78 238  22  79   5  40 154 
146 124 147   6 119 127  20 254 181  14 203  35 124 225  86 224 
222 249 127  11   7  71  26 161 161 134 178 235  50   6 111  77 
206  99 205 200 229   5  60 143  22  25  88 222  89  51 198 196 
 82 143 153 251  75 251  77  47 108 224 147 178 247 156 180  78 
223 253 102 248 185 247  56   1 216  65  75   9 211 182 149 171 
 57 183  37 194 240 250 108 150 152 201  71  43 159 246  46  77 
 80 243 126 222 151 162 111 232 211 127 115 158  80 113  85 153 
 18 131 157 254 233 163 176 158  85  97 165 204   6 255  62  37 
197   6 169 122 140 226 172 205 156  67  71 166  29  48 212 220 
244  79  38 172  92  15  77 196 121 244 230  43   2 247 119  32 
133  21  64 120 223  31 128  71  50 179 114 254 130 248  83  35 
 18 107 149 236  93 139  16 166 223 223   8  51  96  57 181  95 
174  48 223  44 126 240  82  69  44  23  45 161   1 147  16 254 
 18 134 204 124 137 126 179 164 226  82  95  50 144  99  94 174 
103 234   4 232 113  25 200  78  91 194 165 147 165  43  64 190 
154  83 134 140 109 139 115 211  68 140  47 108  41  60  50 201 
 65  44  40  69 187 118 200 106 154  28 255 241  88 254  15 199 
 32  93  97 253 252 148  75 184  27 208  24 248  29  65 176 190 
 35  94  50 159 163 232 156 101 132  47   1 174 238  91   6 226 
254  95  95  94 213 148  85 158  42 174 206 232 232  49  32 113 
 30 224 220 211 158  59 185 146 115  36 125 146 200 159 108 133 
133   9 224   3 113 220  20 135  42   2 229 232 175  26 124 216 
157 140  13 229 132 179 193 218 155 155 160  37 135 127 129  49 
 58  54  59 150  67 212 120  26 193 213 135 102 185 216  96  71 
157  76 128   6  98  44 148  61  19 145  54  24 128 171  48 127 
117 161 126 184 220 203 228 187  34 225 220  34 254 232 210  55 
200  28 223   7 212 232 232  26 172 123  29 155 161  85  19 134 
 18   1 155  76  35 249  19 224 156 135  19 148 219  37 106 122 
152 217  69  67 177 211 179  60 144 171 140  36  28 134 240  54 
172  26  14  76 186 154  39 112 161 243 143 187 245 229  23  18 
 35 109 206 129  87 209 104   0  72 191  84 118 181 165  77 162 
164  94 100   8   1 131  92  89 211 247 225 146 202  84  44  76 
253 193 145 125 139 241 205  42 153 171 115  82 209 204 160  73 
101 208   6 166 122 169  38 100  14 162 207 246  51 110  76 210 
183   4 215 120  60 250  52 118 240  31   2  29  18 156 252 235 
 39 213 181 110 229 237 177  50 253  85  19 243 138 165 214 213 
 65 143  32 224 118 184 245 136  26 171 145 121  42  54 252 212 
146 200   4  12  44 210  34 193 250 113 101 203 161  54  37 209 
177   2 231 193 233  14 192 242 145  86 216  11 240  85  36 127 
208  93  97 169 205 205 121  44  51 231 107  43  99  30  53  21 
204 201   9 183   0  37 150   5 110  85  25 154  14  87  34 255 
 68  50 200 142 218  60 109  68 128  84 247 245  15 125 211 199 
235  75 239 243 181  60 207 223 166 206 246 232 108  38 129 239  